222
42
291
300
56
335
15
57
245
124
82
338
208
274
119
126
294
292
139
353
140
220
240
33
182
218
147
322
25
73
265
9
344
148
113
39
22
355
94
90
331
30
303
108
157
229
55
5
45
224
277
234
287
78
346
185
3
116
76
248
63
46
209
77
72
84
345
197
254
93
281
195
282
333
288
75
255
351
16
66
132
7
298
152
316
312
219
158
109
267
60
114
256
110
283
227
17
145
24
101
334
183
311
137
155
223
352
203
173
307
165
337
19
284
79
295
18
211
104
336
118
31
36
153
176
262
249
167
168
59
111
341
6
299
238
10
163
103
81
175
202
177
181
239
193
92
69
237
96
143
272
97
194
68
23
37
144
122
67
285
315
125
146
199
86
301
332
302
225
271
172
253
180
250
129
38
11
231
196
112
179
232
228
117
329
343
258
323
164
339
242
154
244
2
115
198
310
321
120
275
286
340
127
74
289
29
83
296
107
210
247
133
184
261
44
328
65
266
85
186
70
159
12
35
28
170
142
150
221
131
233
51
268
95
314
178
204
123
41
89
278
206
136
26
349
141
246
297
4
